0: 8 11
1: 121 99 | 96 13
2: 121 120 | 96 74
3: 65 96 | 55 121
4: 9 96 | 81 121
5: 96 45 | 121 125
6: 96 101 | 121 12
7: 105 121 | 28 96
8: 42
9: 121 123 | 96 103
10: 123 121 | 89 96
11: 42 31
12: 121 25 | 96 70
13: 96 33 | 121 121
14: 96 58 | 121 80
15: 96 99 | 121 78
16: 13 121 | 91 96
17: 89 121 | 46 96
18: 121 36 | 96 99
19: 47 121 | 95 96
20: 121 63 | 96 51
21: 128 96 | 78 121
22: 121 77 | 96 128
23: 96 53 | 121 17
24: 121 121
25: 96 78 | 121 77
26: 96 121 | 96 96
27: 115 121 | 52 96
28: 121 104 | 96 79
29: 121 60 | 96 38
30: 121 13 | 96 78
31: 121 88 | 96 119
32: 128 121 | 123 96
33: 121 | 96
34: 91 121 | 128 96
35: 41 96 | 36 121
36: 96 121
37: 121 27 | 96 90
38: 14 121 | 2 96
39: 83 96 | 85 121
40: 121 76 | 96 16
41: 96 96 | 121 96
42: 96 29 | 121 3
43: 97 96 | 40 121
44: 121 89 | 96 36
45: 96 48 | 121 131
46: 33 33
47: 26 96 | 46 121
48: 34 96 | 69 121
49: 121 127 | 96 61
50: 96 99 | 121 103
51: 18 121 | 92 96
52: 33 91
53: 96 41 | 121 89
54: 123 96 | 46 121
55: 112 96 | 43 121
56: 96 15 | 121 114
57: 75 96 | 84 121
58: 96 71 | 121 59
59: 24 121 | 89 96
60: 96 118 | 121 57
61: 121 69 | 96 94
62: 96 99 | 121 46
63: 96 62 | 121 30
64: 34 121 | 117 96
65: 82 96 | 49 121
66: 121 13 | 96 24
67: 46 96 | 41 121
68: 129 121 | 116 96
69: 26 121
70: 121 103 | 96 103
71: 99 121 | 91 96
72: 87 121 | 37 96
73: 22 121 | 108 96
74: 121 1 | 96 10
75: 98 96 | 85 121
76: 26 121 | 103 96
77: 121 33 | 96 121
78: 121 121 | 33 96
79: 50 121 | 114 96
80: 35 121 | 59 96
81: 91 121 | 123 96
82: 126 121 | 102 96
83: 96 26 | 121 99
84: 52 121 | 85 96
85: 96 26 | 121 123
86: 13 96 | 36 121
87: 113 96 | 56 121
88: 121 122 | 96 5
89: 96 33 | 121 96
90: 32 96 | 106 121
91: 121 121 | 96 121
92: 121 99 | 96 78
93: 96 54 | 121 111
94: 121 46 | 96 41
95: 103 96 | 91 121
96: "b"
97: 121 86 | 96 44
98: 121 13 | 96 26
99: 121 96 | 96 121
100: 121 89 | 96 13
101: 59 96 | 95 121
102: 96 109 | 121 66
103: 121 96
104: 110 121 | 54 96
105: 93 121 | 73 96
106: 121 89 | 96 24
107: 78 96 | 36 121
108: 121 36 | 96 24
109: 89 121 | 36 96
110: 121 36 | 96 41
111: 121 77
112: 96 39 | 121 4
113: 21 96 | 130 121
114: 96 24
115: 24 96 | 46 121
116: 41 33
117: 41 121 | 123 96
118: 19 96 | 68 121
119: 72 121 | 7 96
120: 121 107 | 96 17
121: "a"
122: 6 96 | 20 121
123: 96 96
124: 89 96 | 103 121
125: 121 23 | 96 64
126: 9 121 | 124 96
127: 124 121 | 100 96
128: 96 96 | 121 121
129: 26 96 | 89 121
130: 33 77
131: 70 96 | 67 121
