787.81 0 1
908.78 0 2
561.71 0 3
723.78 0 4
736.43 0 5
1047.43 0 6
321.56 0 7
693.20 0 8
391.46 0 9
693.09 0 10
1044.50 0 11
709.04 0 12
970.92 0 13
413.51 0 14
1103.55 0 15
927.68 0 16
1290.45 0 17
1191.77 0 18
316.90 0 19
1019.98 1 2
1041.74 1 3
471.43 1 4
424.24 1 5
783.70 1 6
1024.44 1 7
795.88 1 8
628.68 1 9
1046.16 1 10
847.54 1 11
655.61 1 12
1124.70 1 13
600.30 1 14
913.53 1 15
1001.08 1 16
979.16 1 17
1103.79 1 18
734.86 1 19
507.10 2 3
612.24 2 4
670.87 2 5
589.09 2 6
790.59 2 7
347.59 2 8
867.80 2 9
834.13 2 10
833.34 2 11
812.57 2 12
322.36 2 13
818.14 2 14
540.28 2 15
671.05 2 16
605.77 2 17
352.93 2 18
597.41 2 19
697.11 3 4
814.32 3 5
837.02 3 6
384.63 3 7
524.90 3 8
604.70 3 9
503.62 3 10
1076.88 3 11
700.31 3 12
492.62 3 13
711.40 3 14
941.95 3 15
863.71 3 16
1032.78 3 17
811.57 3 18
367.98 3 19
373.41 4 5
371.70 4 6
844.31 4 7
521.71 4 8
491.73 4 9
717.80 4 10
844.77 4 11
372.02 4 12
661.77 4 13
629.31 4 14
708.09 4 15
878.81 4 16
639.75 4 17
681.07 4 18
527.02 4 19
648.21 5 6
845.44 5 7
411.96 5 8
686.07 5 9
1002.86 5 10
495.95 5 11
714.27 5 12
867.38 5 13
433.84 5 14
511.59 5 15
603.63 5 16
735.11 5 17
796.67 5 18
533.03 5 19
1100.65 6 7
690.90 6 8
788.16 6 9
817.95 6 10
1020.79 6 11
535.14 6 12
550.54 6 13
968.35 6 14
740.59 6 15
1048.48 6 16
379.24 6 17
459.34 6 18
809.82 6 19
630.85 7 8
609.97 7 9
712.31 7 10
1057.20 7 11
860.23 7 12
863.62 7 13
543.21 7 14
1069.86 7 15
841.56 7 16
1295.24 7 17
1121.53 7 18
328.11 7 19
738.35 8 9
888.06 8 10
566.27 8 11
789.49 8 12
610.96 8 13
493.81 8 14
444.37 8 15
417.52 8 16
740.14 8 17
621.50 8 18
387.20 8 19
476.81 9 10
1130.52 9 11
338.33 9 12
842.07 9 13
597.22 9 14
1095.51 9 15
1082.32 9 16
1106.37 9 17
1056.63 9 18
433.55 9 19
1410.87 10 11
458.36 10 12
646.57 10 13
960.64 10 14
1256.50 10 15
1284.05 10 16
1145.38 10 17
996.70 10 18
650.04 10 19
1194.03 11 12
1131.32 11 13
652.59 11 14
407.53 11 15
344.38 11 16
927.15 11 17
966.70 11 18
832.87 11 19
716.06 12 13
816.39 12 14
1059.61 12 15
1181.39 12 16
900.83 12 17
889.97 12 18
626.60 12 19
1000.14 13 14
830.49 13 15
981.69 13 16
683.28 13 17
411.94 13 18
705.62 13 19
802.38 14 15
609.78 14 16
1113.80 14 17
1075.34 14 18
350.78 14 19
455.22 15 16
566.91 15 17
582.46 15 18
814.77 15 19
983.81 16 17
902.03 16 18
692.72 16 19
333.65 17 18
1007.13 17 19
888.31 18 19
