18 -2
18 -1
18 0
18 1
18 2
18 3
18 4
18 5
18 6
18 7
18 8
18 9
18 10
18 11
18 12
18 13
18 14
18 15
18 16
18 17
18 18
18 19
18 20
18 21
18 22
18 23
18 24
18 25
18 26
18 27
18 28
18 29
18 30
18 31
18 32
18 33
18 34
18 35
18 36
18 37
18 38
18 39
18 40
18 41
18 42
18 43
18 44
18 45
18 46
18 47
18 48
18 49
18 50
18 51
18 52
18 53
18 68
18 69
18 70
18 71
18 72
18 73
18 74
18 75
18 76
18 77
18 78
18 79
18 80
18 81
18 82
18 83
18 84
18 85
18 86
18 87
18 88
18 89
18 90
18 91
18 92
18 93
18 94
18 95
18 96
18 97
18 98
18 99
18 100
18 101
18 102
18 103
18 104
18 105
18 106
18 107
18 108
18 109
19 -3
19 -2
19 -1
19 0
19 1
19 2
19 3
19 4
19 5
19 6
19 7
19 8
19 9
19 10
19 11
19 12
19 13
19 14
19 15
19 16
19 17
19 18
19 19
19 20
19 21
19 22
19 23
19 24
19 25
19 26
19 27
19 28
19 29
19 30
19 31
19 32
19 33
19 34
19 35
19 36
19 37
19 38
19 39
19 40
19 41
19 42
19 43
19 44
19 45
19 46
19 47
19 48
19 49
19 50
19 51
19 52
19 53
19 68
19 69
19 70
19 71
19 72
19 73
19 74
19 75
19 76
19 77
19 78
19 79
19 80
19 81
19 82
19 83
19 84
19 85
19 86
19 87
19 88
19 89
19 90
19 91
19 92
19 93
19 94
19 95
19 96
19 97
19 98
19 99
19 100
19 101
19 102
19 103
19 104
19 105
19 106
19 107
19 108
19 109
20 -5
20 -4
20 -3
20 -2
20 -1
20 0
20 1
20 2
20 3
21 -6
21 -5
21 -4
21 -3
21 -2
21 -1
21 0
22 -8
22 -7
22 -6
22 -5
22 -4
22 -3
22 -2
22 -1
23 -10
23 -9
23 -8
23 -7
23 -6
23 -5
23 -4
23 -3
23 -2
24 -10
24 -9
24 -8
24 -7
24 -6
24 -5
24 -4
24 -3
25 -10
25 -9
25 -8
25 -7
25 -6
25 -5
25 -4
26 -12
26 -11
26 -10
26 -9
26 -8
26 -7
26 -6
26 -5
26 -4
27 -12
27 -11
27 -10
27 -9
27 -8
27 -7
27 -6
28 -12
28 -11
28 -10
28 -9
28 -8
28 -7
28 -6
29 -15
29 -14
29 -13
29 -12
29 -11
29 -10
29 -9
29 -8
29 -7
30 -15
30 -14
30 -13
30 -12
30 -11
30 -10
30 -9
30 -8
30 -7
31 -15
31 -14
31 -13
31 -12
31 -11
31 -10
31 -9
31 -8
31 -7
32 -15
32 -14
32 -13
32 -12
32 -11
32 -10
32 -9
33 -15
33 -14
33 -13
33 -12
33 -11
33 -10
33 -9
34 -20
34 -19
34 -18
34 -17
34 -16
34 -15
34 -14
34 -13
34 -12
34 -11
34 -10
34 -9
35 -20
35 -19
35 -18
35 -17
35 -16
35 -15
35 -14
35 -13
35 -12
35 -11
35 -10
35 -9
36 -20
36 -19
36 -18
36 -17
36 -16
36 -15
36 -14
36 -13
36 -12
36 -11
36 -10
36 -9
37 -20
37 -19
37 -18
37 -17
37 -16
37 -15
37 -14
37 -13
37 -12
38 -20
38 -19
38 -18
38 -17
38 -16
38 -15
38 -14
38 -13
38 -12
39 -20
39 -19
39 -18
39 -17
39 -16
39 -15
39 -14
39 -13
39 -12
40 -20
40 -19
40 -18
40 -17
40 -16
40 -15
40 -14
40 -13
40 -12
41 -26
41 -25
41 -24
41 -23
41 -22
41 -21
41 -20
41 -19
41 -18
41 -17
41 -16
41 -15
41 -14
41 -13
41 -12
42 -26
42 -25
42 -24
42 -23
42 -22
42 -21
42 -20
42 -19
42 -18
42 -17
42 -16
42 -15
42 -14
42 -13
42 -12
43 -26
43 -25
43 -24
43 -23
43 -22
43 -21
43 -20
43 -19
43 -18
43 -17
43 -16
44 -26
44 -25
44 -24
44 -23
44 -22
44 -21
44 -20
44 -19
44 -18
44 -17
44 -16
45 -26
45 -25
45 -24
45 -23
45 -22
45 -21
45 -20
45 -19
45 -18
45 -17
45 -16
46 -26
46 -25
46 -24
46 -23
46 -22
46 -21
46 -20
46 -19
46 -18
46 -17
46 -16
47 -26
47 -25
47 -24
47 -23
47 -22
47 -21
47 -20
47 -19
47 -18
47 -17
47 -16
48 -26
48 -25
48 -24
48 -23
48 -22
48 -21
48 -20
48 -19
48 -18
48 -17
48 -16
49 -26
49 -25
49 -24
49 -23
49 -22
49 -21
49 -20
49 -19
49 -18
49 -17
49 -16
50 -26
50 -25
50 -24
50 -23
50 -22
50 -21
50 -20
50 -19
50 -18
50 -17
50 -16
51 -26
51 -25
51 -24
51 -23
51 -22
51 -21
51 -20
51 -19
51 -18
51 -17
51 -16
52 -26
52 -25
52 -24
52 -23
52 -22
52 -21
52 -20
52 -19
52 -18
52 -17
52 -16
53 -35
53 -34
53 -33
53 -32
53 -31
53 -30
53 -29
53 -28
53 -27
53 -26
53 -25
53 -24
53 -23
53 -22
54 -35
54 -34
54 -33
54 -32
54 -31
54 -30
54 -29
54 -28
54 -27
54 -26
54 -25
54 -24
54 -23
54 -22
55 -35
55 -34
55 -33
55 -32
55 -31
55 -30
55 -29
55 -28
55 -27
55 -26
55 -25
55 -24
55 -23
55 -22
56 -35
56 -34
56 -33
56 -32
56 -31
56 -30
56 -29
56 -28
56 -27
56 -26
56 -25
56 -24
56 -23
56 -22
57 -35
57 -34
57 -33
57 -32
57 -31
57 -30
57 -29
57 -28
57 -27
57 -26
57 -25
57 -24
57 -23
57 -22
58 -35
58 -34
58 -33
58 -32
58 -31
58 -30
58 -29
58 -28
58 -27
58 -26
58 -25
58 -24
58 -23
58 -22
59 -35
59 -34
59 -33
59 -32
59 -31
59 -30
59 -29
59 -28
59 -27
59 -26
59 -25
59 -24
59 -23
59 -22
60 -35
60 -34
60 -33
60 -32
60 -31
60 -30
60 -29
60 -28
60 -27
60 -26
60 -25
60 -24
60 -23
60 -22
61 -35
61 -34
61 -33
61 -32
61 -31
61 -30
61 -29
61 -28
61 -27
61 -26
61 -25
61 -24
61 -23
61 -22
62 -35
62 -34
62 -33
62 -32
62 -31
62 -30
62 -29
62 -28
62 -27
62 -26
62 -25
62 -24
62 -23
62 -22
63 -35
63 -34
63 -33
63 -32
63 -31
63 -30
63 -29
63 -28
63 -27
63 -26
63 -25
63 -24
63 -23
63 -22
64 -35
64 -34
64 -33
64 -32
64 -31
64 -30
64 -29
64 -28
64 -27
64 -26
64 -25
64 -24
64 -23
64 -22
65 -35
65 -34
65 -33
65 -32
65 -31
65 -30
65 -29
65 -28
65 -27
65 -26
65 -25
65 -24
65 -23
65 -22
66 -35
66 -34
66 -33
66 -32
66 -31
66 -30
66 -29
66 -28
66 -27
66 -26
66 -25
66 -24
66 -23
66 -22
67 -35
67 -34
67 -33
67 -32
67 -31
67 -30
67 -29
67 -28
67 -27
67 -26
67 -25
67 -24
67 -23
67 -22
68 -35
68 -34
68 -33
68 -32
68 -31
68 -30
68 -29
68 -28
68 -27
68 -26
68 -25
68 -24
68 -23
68 -22
79 -54
79 -53
79 -52
79 -51
79 -50
79 -49
79 -48
79 -47
79 -46
79 -45
79 -44
79 -43
79 -42
79 -41
79 -40
79 -39
79 -38
79 -37
79 -36
79 -35
79 -34
80 -54
80 -53
80 -52
80 -51
80 -50
80 -49
80 -48
80 -47
80 -46
80 -45
80 -44
80 -43
80 -42
80 -41
80 -40
80 -39
80 -38
80 -37
80 -36
80 -35
80 -34
81 -54
81 -53
81 -52
81 -51
81 -50
81 -49
81 -48
81 -47
81 -46
81 -45
81 -44
81 -43
81 -42
81 -41
81 -40
81 -39
81 -38
81 -37
81 -36
81 -35
81 -34
82 -54
82 -53
82 -52
82 -51
82 -50
82 -49
82 -48
82 -47
82 -46
82 -45
82 -44
82 -43
82 -42
82 -41
82 -40
82 -39
82 -38
82 -37
82 -36
82 -35
82 -34
83 -54
83 -53
83 -52
83 -51
83 -50
83 -49
83 -48
83 -47
83 -46
83 -45
83 -44
83 -43
83 -42
83 -41
83 -40
83 -39
83 -38
83 -37
83 -36
83 -35
83 -34
84 -54
84 -53
84 -52
84 -51
84 -50
84 -49
84 -48
84 -47
84 -46
84 -45
84 -44
84 -43
84 -42
84 -41
84 -40
84 -39
84 -38
84 -37
84 -36
84 -35
84 -34
85 -54
85 -53
85 -52
85 -51
85 -50
85 -49
85 -48
85 -47
85 -46
85 -45
85 -44
85 -43
85 -42
85 -41
85 -40
85 -39
85 -38
85 -37
85 -36
85 -35
85 -34
86 -54
86 -53
86 -52
86 -51
86 -50
86 -49
86 -48
86 -47
86 -46
86 -45
86 -44
86 -43
86 -42
86 -41
86 -40
86 -39
86 -38
86 -37
86 -36
86 -35
86 -34
87 -54
87 -53
87 -52
87 -51
87 -50
87 -49
87 -48
87 -47
87 -46
87 -45
87 -44
87 -43
87 -42
87 -41
87 -40
87 -39
87 -38
87 -37
87 -36
87 -35
87 -34
88 -54
88 -53
88 -52
88 -51
88 -50
88 -49
88 -48
88 -47
88 -46
88 -45
88 -44
88 -43
88 -42
88 -41
88 -40
88 -39
88 -38
88 -37
88 -36
88 -35
88 -34
89 -54
89 -53
89 -52
89 -51
89 -50
89 -49
89 -48
89 -47
89 -46
89 -45
89 -44
89 -43
89 -42
89 -41
89 -40
89 -39
89 -38
89 -37
89 -36
89 -35
89 -34
90 -54
90 -53
90 -52
90 -51
90 -50
90 -49
90 -48
90 -47
90 -46
90 -45
90 -44
90 -43
90 -42
90 -41
90 -40
90 -39
90 -38
90 -37
90 -36
90 -35
90 -34
91 -54
91 -53
91 -52
91 -51
91 -50
91 -49
91 -48
91 -47
91 -46
91 -45
91 -44
91 -43
91 -42
91 -41
91 -40
91 -39
91 -38
91 -37
91 -36
91 -35
91 -34
92 -54
92 -53
92 -52
92 -51
92 -50
92 -49
92 -48
92 -47
92 -46
92 -45
92 -44
92 -43
92 -42
92 -41
92 -40
92 -39
92 -38
92 -37
92 -36
92 -35
92 -34
93 -54
93 -53
93 -52
93 -51
93 -50
93 -49
93 -48
93 -47
93 -46
93 -45
93 -44
93 -43
93 -42
93 -41
93 -40
93 -39
93 -38
93 -37
93 -36
93 -35
93 -34
94 -54
94 -53
94 -52
94 -51
94 -50
94 -49
94 -48
94 -47
94 -46
94 -45
94 -44
94 -43
94 -42
94 -41
94 -40
94 -39
94 -38
94 -37
94 -36
94 -35
94 -34
95 -54
95 -53
95 -52
95 -51
95 -50
95 -49
95 -48
95 -47
95 -46
95 -45
95 -44
95 -43
95 -42
95 -41
95 -40
95 -39
95 -38
95 -37
95 -36
95 -35
95 -34
96 -54
96 -53
96 -52
96 -51
96 -50
96 -49
96 -48
96 -47
96 -46
96 -45
96 -44
96 -43
96 -42
96 -41
96 -40
96 -39
96 -38
96 -37
96 -36
96 -35
96 -34
97 -54
97 -53
97 -52
97 -51
97 -50
97 -49
97 -48
97 -47
97 -46
97 -45
97 -44
97 -43
97 -42
97 -41
97 -40
97 -39
97 -38
97 -37
97 -36
97 -35
97 -34
98 -54
98 -53
98 -52
98 -51
98 -50
98 -49
98 -48
98 -47
98 -46
98 -45
98 -44
98 -43
98 -42
98 -41
98 -40
98 -39
98 -38
98 -37
98 -36
98 -35
98 -34
99 -54
99 -53
99 -52
99 -51
99 -50
99 -49
99 -48
99 -47
99 -46
99 -45
99 -44
99 -43
99 -42
99 -41
99 -40
99 -39
99 -38
99 -37
99 -36
99 -35
99 -34
100 -54
100 -53
100 -52
100 -51
100 -50
100 -49
100 -48
100 -47
100 -46
100 -45
100 -44
100 -43
100 -42
100 -41
100 -40
100 -39
100 -38
100 -37
100 -36
100 -35
100 -34
101 -54
101 -53
101 -52
101 -51
101 -50
101 -49
101 -48
101 -47
101 -46
101 -45
101 -44
101 -43
101 -42
101 -41
101 -40
101 -39
101 -38
101 -37
101 -36
101 -35
101 -34
156 -110
156 -109
156 -108
156 -107
156 -106
156 -105
156 -104
156 -103
156 -102
156 -101
156 -100
156 -99
156 -98
156 -97
156 -96
156 -95
156 -94
156 -93
156 -92
156 -91
156 -90
156 -89
156 -88
156 -87
156 -86
156 -85
156 -84
156 -83
156 -82
156 -81
156 -80
156 -79
156 -78
156 -77
156 -76
156 -75
156 -74
156 -73
156 -72
156 -71
156 -70
156 -69
157 -110
157 -109
157 -108
157 -107
157 -106
157 -105
157 -104
157 -103
157 -102
157 -101
157 -100
157 -99
157 -98
157 -97
157 -96
157 -95
157 -94
157 -93
157 -92
157 -91
157 -90
157 -89
157 -88
157 -87
157 -86
157 -85
157 -84
157 -83
157 -82
157 -81
157 -80
157 -79
157 -78
157 -77
157 -76
157 -75
157 -74
157 -73
157 -72
157 -71
157 -70
157 -69
158 -110
158 -109
158 -108
158 -107
158 -106
158 -105
158 -104
158 -103
158 -102
158 -101
158 -100
158 -99
158 -98
158 -97
158 -96
158 -95
158 -94
158 -93
158 -92
158 -91
158 -90
158 -89
158 -88
158 -87
158 -86
158 -85
158 -84
158 -83
158 -82
158 -81
158 -80
158 -79
158 -78
158 -77
158 -76
158 -75
158 -74
158 -73
158 -72
158 -71
158 -70
158 -69
159 -110
159 -109
159 -108
159 -107
159 -106
159 -105
159 -104
159 -103
159 -102
159 -101
159 -100
159 -99
159 -98
159 -97
159 -96
159 -95
159 -94
159 -93
159 -92
159 -91
159 -90
159 -89
159 -88
159 -87
159 -86
159 -85
159 -84
159 -83
159 -82
159 -81
159 -80
159 -79
159 -78
159 -77
159 -76
159 -75
159 -74
159 -73
159 -72
159 -71
159 -70
159 -69
160 -110
160 -109
160 -108
160 -107
160 -106
160 -105
160 -104
160 -103
160 -102
160 -101
160 -100
160 -99
160 -98
160 -97
160 -96
160 -95
160 -94
160 -93
160 -92
160 -91
160 -90
160 -89
160 -88
160 -87
160 -86
160 -85
160 -84
160 -83
160 -82
160 -81
160 -80
160 -79
160 -78
160 -77
160 -76
160 -75
160 -74
160 -73
160 -72
160 -71
160 -70
160 -69
161 -110
161 -109
161 -108
161 -107
161 -106
161 -105
161 -104
161 -103
161 -102
161 -101
161 -100
161 -99
161 -98
161 -97
161 -96
161 -95
161 -94
161 -93
161 -92
161 -91
161 -90
161 -89
161 -88
161 -87
161 -86
161 -85
161 -84
161 -83
161 -82
161 -81
161 -80
161 -79
161 -78
161 -77
161 -76
161 -75
161 -74
161 -73
161 -72
161 -71
161 -70
161 -69
162 -110
162 -109
162 -108
162 -107
162 -106
162 -105
162 -104
162 -103
162 -102
162 -101
162 -100
162 -99
162 -98
162 -97
162 -96
162 -95
162 -94
162 -93
162 -92
162 -91
162 -90
162 -89
162 -88
162 -87
162 -86
162 -85
162 -84
162 -83
162 -82
162 -81
162 -80
162 -79
162 -78
162 -77
162 -76
162 -75
162 -74
162 -73
162 -72
162 -71
162 -70
162 -69
163 -110
163 -109
163 -108
163 -107
163 -106
163 -105
163 -104
163 -103
163 -102
163 -101
163 -100
163 -99
163 -98
163 -97
163 -96
163 -95
163 -94
163 -93
163 -92
163 -91
163 -90
163 -89
163 -88
163 -87
163 -86
163 -85
163 -84
163 -83
163 -82
163 -81
163 -80
163 -79
163 -78
163 -77
163 -76
163 -75
163 -74
163 -73
163 -72
163 -71
163 -70
163 -69
164 -110
164 -109
164 -108
164 -107
164 -106
164 -105
164 -104
164 -103
164 -102
164 -101
164 -100
164 -99
164 -98
164 -97
164 -96
164 -95
164 -94
164 -93
164 -92
164 -91
164 -90
164 -89
164 -88
164 -87
164 -86
164 -85
164 -84
164 -83
164 -82
164 -81
164 -80
164 -79
164 -78
164 -77
164 -76
164 -75
164 -74
164 -73
164 -72
164 -71
164 -70
164 -69
165 -110
165 -109
165 -108
165 -107
165 -106
165 -105
165 -104
165 -103
165 -102
165 -101
165 -100
165 -99
165 -98
165 -97
165 -96
165 -95
165 -94
165 -93
165 -92
165 -91
165 -90
165 -89
165 -88
165 -87
165 -86
165 -85
165 -84
165 -83
165 -82
165 -81
165 -80
165 -79
165 -78
165 -77
165 -76
165 -75
165 -74
165 -73
165 -72
165 -71
165 -70
165 -69
166 -110
166 -109
166 -108
166 -107
166 -106
166 -105
166 -104
166 -103
166 -102
166 -101
166 -100
166 -99
166 -98
166 -97
166 -96
166 -95
166 -94
166 -93
166 -92
166 -91
166 -90
166 -89
166 -88
166 -87
166 -86
166 -85
166 -84
166 -83
166 -82
166 -81
166 -80
166 -79
166 -78
166 -77
166 -76
166 -75
166 -74
166 -73
166 -72
166 -71
166 -70
166 -69
167 -110
167 -109
167 -108
167 -107
167 -106
167 -105
167 -104
167 -103
167 -102
167 -101
167 -100
167 -99
167 -98
167 -97
167 -96
167 -95
167 -94
167 -93
167 -92
167 -91
167 -90
167 -89
167 -88
167 -87
167 -86
167 -85
167 -84
167 -83
167 -82
167 -81
167 -80
167 -79
167 -78
167 -77
167 -76
167 -75
167 -74
167 -73
167 -72
167 -71
167 -70
167 -69
168 -110
168 -109
168 -108
168 -107
168 -106
168 -105
168 -104
168 -103
168 -102
168 -101
168 -100
168 -99
168 -98
168 -97
168 -96
168 -95
168 -94
168 -93
168 -92
168 -91
168 -90
168 -89
168 -88
168 -87
168 -86
168 -85
168 -84
168 -83
168 -82
168 -81
168 -80
168 -79
168 -78
168 -77
168 -76
168 -75
168 -74
168 -73
168 -72
168 -71
168 -70
168 -69
169 -110
169 -109
169 -108
169 -107
169 -106
169 -105
169 -104
169 -103
169 -102
169 -101
169 -100
169 -99
169 -98
169 -97
169 -96
169 -95
169 -94
169 -93
169 -92
169 -91
169 -90
169 -89
169 -88
169 -87
169 -86
169 -85
169 -84
169 -83
169 -82
169 -81
169 -80
169 -79
169 -78
169 -77
169 -76
169 -75
169 -74
169 -73
169 -72
169 -71
169 -70
169 -69
170 -110
170 -109
170 -108
170 -107
170 -106
170 -105
170 -104
170 -103
170 -102
170 -101
170 -100
170 -99
170 -98
170 -97
170 -96
170 -95
170 -94
170 -93
170 -92
170 -91
170 -90
170 -89
170 -88
170 -87
170 -86
170 -85
170 -84
170 -83
170 -82
170 -81
170 -80
170 -79
170 -78
170 -77
170 -76
170 -75
170 -74
170 -73
170 -72
170 -71
170 -70
170 -69
171 -110
171 -109
171 -108
171 -107
171 -106
171 -105
171 -104
171 -103
171 -102
171 -101
171 -100
171 -99
171 -98
171 -97
171 -96
171 -95
171 -94
171 -93
171 -92
171 -91
171 -90
171 -89
171 -88
171 -87
171 -86
171 -85
171 -84
171 -83
171 -82
171 -81
171 -80
171 -79
171 -78
171 -77
171 -76
171 -75
171 -74
171 -73
171 -72
171 -71
171 -70
171 -69
172 -110
172 -109
172 -108
172 -107
172 -106
172 -105
172 -104
172 -103
172 -102
172 -101
172 -100
172 -99
172 -98
172 -97
172 -96
172 -95
172 -94
172 -93
172 -92
172 -91
172 -90
172 -89
172 -88
172 -87
172 -86
172 -85
172 -84
172 -83
172 -82
172 -81
172 -80
172 -79
172 -78
172 -77
172 -76
172 -75
172 -74
172 -73
172 -72
172 -71
172 -70
172 -69
173 -110
173 -109
173 -108
173 -107
173 -106
173 -105
173 -104
173 -103
173 -102
173 -101
173 -100
173 -99
173 -98
173 -97
173 -96
173 -95
173 -94
173 -93
173 -92
173 -91
173 -90
173 -89
173 -88
173 -87
173 -86
173 -85
173 -84
173 -83
173 -82
173 -81
173 -80
173 -79
173 -78
173 -77
173 -76
173 -75
173 -74
173 -73
173 -72
173 -71
173 -70
173 -69
174 -110
174 -109
174 -108
174 -107
174 -106
174 -105
174 -104
174 -103
174 -102
174 -101
174 -100
174 -99
174 -98
174 -97
174 -96
174 -95
174 -94
174 -93
174 -92
174 -91
174 -90
174 -89
174 -88
174 -87
174 -86
174 -85
174 -84
174 -83
174 -82
174 -81
174 -80
174 -79
174 -78
174 -77
174 -76
174 -75
174 -74
174 -73
174 -72
174 -71
174 -70
174 -69
175 -110
175 -109
175 -108
175 -107
175 -106
175 -105
175 -104
175 -103
175 -102
175 -101
175 -100
175 -99
175 -98
175 -97
175 -96
175 -95
175 -94
175 -93
175 -92
175 -91
175 -90
175 -89
175 -88
175 -87
175 -86
175 -85
175 -84
175 -83
175 -82
175 -81
175 -80
175 -79
175 -78
175 -77
175 -76
175 -75
175 -74
175 -73
175 -72
175 -71
175 -70
175 -69
176 -110
176 -109
176 -108
176 -107
176 -106
176 -105
176 -104
176 -103
176 -102
176 -101
176 -100
176 -99
176 -98
176 -97
176 -96
176 -95
176 -94
176 -93
176 -92
176 -91
176 -90
176 -89
176 -88
176 -87
176 -86
176 -85
176 -84
176 -83
176 -82
176 -81
176 -80
176 -79
176 -78
176 -77
176 -76
176 -75
176 -74
176 -73
176 -72
176 -71
176 -70
176 -69
177 -110
177 -109
177 -108
177 -107
177 -106
177 -105
177 -104
177 -103
177 -102
177 -101
177 -100
177 -99
177 -98
177 -97
177 -96
177 -95
177 -94
177 -93
177 -92
177 -91
177 -90
177 -89
177 -88
177 -87
177 -86
177 -85
177 -84
177 -83
177 -82
177 -81
177 -80
177 -79
177 -78
177 -77
177 -76
177 -75
177 -74
177 -73
177 -72
177 -71
177 -70
177 -69
178 -110
178 -109
178 -108
178 -107
178 -106
178 -105
178 -104
178 -103
178 -102
178 -101
178 -100
178 -99
178 -98
178 -97
178 -96
178 -95
178 -94
178 -93
178 -92
178 -91
178 -90
178 -89
178 -88
178 -87
178 -86
178 -85
178 -84
178 -83
178 -82
178 -81
178 -80
178 -79
178 -78
178 -77
178 -76
178 -75
178 -74
178 -73
178 -72
178 -71
178 -70
178 -69
179 -110
179 -109
179 -108
179 -107
179 -106
179 -105
179 -104
179 -103
179 -102
179 -101
179 -100
179 -99
179 -98
179 -97
179 -96
179 -95
179 -94
179 -93
179 -92
179 -91
179 -90
179 -89
179 -88
179 -87
179 -86
179 -85
179 -84
179 -83
179 -82
179 -81
179 -80
179 -79
179 -78
179 -77
179 -76
179 -75
179 -74
179 -73
179 -72
179 -71
179 -70
179 -69
180 -110
180 -109
180 -108
180 -107
180 -106
180 -105
180 -104
180 -103
180 -102
180 -101
180 -100
180 -99
180 -98
180 -97
180 -96
180 -95
180 -94
180 -93
180 -92
180 -91
180 -90
180 -89
180 -88
180 -87
180 -86
180 -85
180 -84
180 -83
180 -82
180 -81
180 -80
180 -79
180 -78
180 -77
180 -76
180 -75
180 -74
180 -73
180 -72
180 -71
180 -70
180 -69
181 -110
181 -109
181 -108
181 -107
181 -106
181 -105
181 -104
181 -103
181 -102
181 -101
181 -100
181 -99
181 -98
181 -97
181 -96
181 -95
181 -94
181 -93
181 -92
181 -91
181 -90
181 -89
181 -88
181 -87
181 -86
181 -85
181 -84
181 -83
181 -82
181 -81
181 -80
181 -79
181 -78
181 -77
181 -76
181 -75
181 -74
181 -73
181 -72
181 -71
181 -70
181 -69
182 -110
182 -109
182 -108
182 -107
182 -106
182 -105
182 -104
182 -103
182 -102
182 -101
182 -100
182 -99
182 -98
182 -97
182 -96
182 -95
182 -94
182 -93
182 -92
182 -91
182 -90
182 -89
182 -88
182 -87
182 -86
182 -85
182 -84
182 -83
182 -82
182 -81
182 -80
182 -79
182 -78
182 -77
182 -76
182 -75
182 -74
182 -73
182 -72
182 -71
182 -70
182 -69
183 -110
183 -109
183 -108
183 -107
183 -106
183 -105
183 -104
183 -103
183 -102
183 -101
183 -100
183 -99
183 -98
183 -97
183 -96
183 -95
183 -94
183 -93
183 -92
183 -91
183 -90
183 -89
183 -88
183 -87
183 -86
183 -85
183 -84
183 -83
183 -82
183 -81
183 -80
183 -79
183 -78
183 -77
183 -76
183 -75
183 -74
183 -73
183 -72
183 -71
183 -70
183 -69
184 -110
184 -109
184 -108
184 -107
184 -106
184 -105
184 -104
184 -103
184 -102
184 -101
184 -100
184 -99
184 -98
184 -97
184 -96
184 -95
184 -94
184 -93
184 -92
184 -91
184 -90
184 -89
184 -88
184 -87
184 -86
184 -85
184 -84
184 -83
184 -82
184 -81
184 -80
184 -79
184 -78
184 -77
184 -76
184 -75
184 -74
184 -73
184 -72
184 -71
184 -70
184 -69
185 -110
185 -109
185 -108
185 -107
185 -106
185 -105
185 -104
185 -103
185 -102
185 -101
185 -100
185 -99
185 -98
185 -97
185 -96
185 -95
185 -94
185 -93
185 -92
185 -91
185 -90
185 -89
185 -88
185 -87
185 -86
185 -85
185 -84
185 -83
185 -82
185 -81
185 -80
185 -79
185 -78
185 -77
185 -76
185 -75
185 -74
185 -73
185 -72
185 -71
185 -70
185 -69
186 -110
186 -109
186 -108
186 -107
186 -106
186 -105
186 -104
186 -103
186 -102
186 -101
186 -100
186 -99
186 -98
186 -97
186 -96
186 -95
186 -94
186 -93
186 -92
186 -91
186 -90
186 -89
186 -88
186 -87
186 -86
186 -85
186 -84
186 -83
186 -82
186 -81
186 -80
186 -79
186 -78
186 -77
186 -76
186 -75
186 -74
186 -73
186 -72
186 -71
186 -70
186 -69
187 -110
187 -109
187 -108
187 -107
187 -106
187 -105
187 -104
187 -103
187 -102
187 -101
187 -100
187 -99
187 -98
187 -97
187 -96
187 -95
187 -94
187 -93
187 -92
187 -91
187 -90
187 -89
187 -88
187 -87
187 -86
187 -85
187 -84
187 -83
187 -82
187 -81
187 -80
187 -79
187 -78
187 -77
187 -76
187 -75
187 -74
187 -73
187 -72
187 -71
187 -70
187 -69
188 -110
188 -109
188 -108
188 -107
188 -106
188 -105
188 -104
188 -103
188 -102
188 -101
188 -100
188 -99
188 -98
188 -97
188 -96
188 -95
188 -94
188 -93
188 -92
188 -91
188 -90
188 -89
188 -88
188 -87
188 -86
188 -85
188 -84
188 -83
188 -82
188 -81
188 -80
188 -79
188 -78
188 -77
188 -76
188 -75
188 -74
188 -73
188 -72
188 -71
188 -70
188 -69
189 -110
189 -109
189 -108
189 -107
189 -106
189 -105
189 -104
189 -103
189 -102
189 -101
189 -100
189 -99
189 -98
189 -97
189 -96
189 -95
189 -94
189 -93
189 -92
189 -91
189 -90
189 -89
189 -88
189 -87
189 -86
189 -85
189 -84
189 -83
189 -82
189 -81
189 -80
189 -79
189 -78
189 -77
189 -76
189 -75
189 -74
189 -73
189 -72
189 -71
189 -70
189 -69
190 -110
190 -109
190 -108
190 -107
190 -106
190 -105
190 -104
190 -103
190 -102
190 -101
190 -100
190 -99
190 -98
190 -97
190 -96
190 -95
190 -94
190 -93
190 -92
190 -91
190 -90
190 -89
190 -88
190 -87
190 -86
190 -85
190 -84
190 -83
190 -82
190 -81
190 -80
190 -79
190 -78
190 -77
190 -76
190 -75
190 -74
190 -73
190 -72
190 -71
190 -70
190 -69
191 -110
191 -109
191 -108
191 -107
191 -106
191 -105
191 -104
191 -103
191 -102
191 -101
191 -100
191 -99
191 -98
191 -97
191 -96
191 -95
191 -94
191 -93
191 -92
191 -91
191 -90
191 -89
191 -88
191 -87
191 -86
191 -85
191 -84
191 -83
191 -82
191 -81
191 -80
191 -79
191 -78
191 -77
191 -76
191 -75
191 -74
191 -73
191 -72
191 -71
191 -70
191 -69
192 -110
192 -109
192 -108
192 -107
192 -106
192 -105
192 -104
192 -103
192 -102
192 -101
192 -100
192 -99
192 -98
192 -97
192 -96
192 -95
192 -94
192 -93
192 -92
192 -91
192 -90
192 -89
192 -88
192 -87
192 -86
192 -85
192 -84
192 -83
192 -82
192 -81
192 -80
192 -79
192 -78
192 -77
192 -76
192 -75
192 -74
192 -73
192 -72
192 -71
192 -70
192 -69
193 -110
193 -109
193 -108
193 -107
193 -106
193 -105
193 -104
193 -103
193 -102
193 -101
193 -100
193 -99
193 -98
193 -97
193 -96
193 -95
193 -94
193 -93
193 -92
193 -91
193 -90
193 -89
193 -88
193 -87
193 -86
193 -85
193 -84
193 -83
193 -82
193 -81
193 -80
193 -79
193 -78
193 -77
193 -76
193 -75
193 -74
193 -73
193 -72
193 -71
193 -70
193 -69
194 -110
194 -109
194 -108
194 -107
194 -106
194 -105
194 -104
194 -103
194 -102
194 -101
194 -100
194 -99
194 -98
194 -97
194 -96
194 -95
194 -94
194 -93
194 -92
194 -91
194 -90
194 -89
194 -88
194 -87
194 -86
194 -85
194 -84
194 -83
194 -82
194 -81
194 -80
194 -79
194 -78
194 -77
194 -76
194 -75
194 -74
194 -73
194 -72
194 -71
194 -70
194 -69
195 -110
195 -109
195 -108
195 -107
195 -106
195 -105
195 -104
195 -103
195 -102
195 -101
195 -100
195 -99
195 -98
195 -97
195 -96
195 -95
195 -94
195 -93
195 -92
195 -91
195 -90
195 -89
195 -88
195 -87
195 -86
195 -85
195 -84
195 -83
195 -82
195 -81
195 -80
195 -79
195 -78
195 -77
195 -76
195 -75
195 -74
195 -73
195 -72
195 -71
195 -70
195 -69
196 -110
196 -109
196 -108
196 -107
196 -106
196 -105
196 -104
196 -103
196 -102
196 -101
196 -100
196 -99
196 -98
196 -97
196 -96
196 -95
196 -94
196 -93
196 -92
196 -91
196 -90
196 -89
196 -88
196 -87
196 -86
196 -85
196 -84
196 -83
196 -82
196 -81
196 -80
196 -79
196 -78
196 -77
196 -76
196 -75
196 -74
196 -73
196 -72
196 -71
196 -70
196 -69
197 -110
197 -109
197 -108
197 -107
197 -106
197 -105
197 -104
197 -103
197 -102
197 -101
197 -100
197 -99
197 -98
197 -97
197 -96
197 -95
197 -94
197 -93
197 -92
197 -91
197 -90
197 -89
197 -88
197 -87
197 -86
197 -85
197 -84
197 -83
197 -82
197 -81
197 -80
197 -79
197 -78
197 -77
197 -76
197 -75
197 -74
197 -73
197 -72
197 -71
197 -70
197 -69
198 -110
198 -109
198 -108
198 -107
198 -106
198 -105
198 -104
198 -103
198 -102
198 -101
198 -100
198 -99
198 -98
198 -97
198 -96
198 -95
198 -94
198 -93
198 -92
198 -91
198 -90
198 -89
198 -88
198 -87
198 -86
198 -85
198 -84
198 -83
198 -82
198 -81
198 -80
198 -79
198 -78
198 -77
198 -76
198 -75
198 -74
198 -73
198 -72
198 -71
198 -70
198 -69
199 -110
199 -109
199 -108
199 -107
199 -106
199 -105
199 -104
199 -103
199 -102
199 -101
199 -100
199 -99
199 -98
199 -97
199 -96
199 -95
199 -94
199 -93
199 -92
199 -91
199 -90
199 -89
199 -88
199 -87
199 -86
199 -85
199 -84
199 -83
199 -82
199 -81
199 -80
199 -79
199 -78
199 -77
199 -76
199 -75
199 -74
199 -73
199 -72
199 -71
199 -70
199 -69
200 -110
200 -109
200 -108
200 -107
200 -106
200 -105
200 -104
200 -103
200 -102
200 -101
200 -100
200 -99
200 -98
200 -97
200 -96
200 -95
200 -94
200 -93
200 -92
200 -91
200 -90
200 -89
200 -88
200 -87
200 -86
200 -85
200 -84
200 -83
200 -82
200 -81
200 -80
200 -79
200 -78
200 -77
200 -76
200 -75
200 -74
200 -73
200 -72
200 -71
200 -70
200 -69
201 -110
201 -109
201 -108
201 -107
201 -106
201 -105
201 -104
201 -103
201 -102
201 -101
201 -100
201 -99
201 -98
201 -97
201 -96
201 -95
201 -94
201 -93
201 -92
201 -91
201 -90
201 -89
201 -88
201 -87
201 -86
201 -85
201 -84
201 -83
201 -82
201 -81
201 -80
201 -79
201 -78
201 -77
201 -76
201 -75
201 -74
201 -73
201 -72
201 -71
201 -70
201 -69
202 -110
202 -109
202 -108
202 -107
202 -106
202 -105
202 -104
202 -103
202 -102
202 -101
202 -100
202 -99
202 -98
202 -97
202 -96
202 -95
202 -94
202 -93
202 -92
202 -91
202 -90
202 -89
202 -88
202 -87
202 -86
202 -85
202 -84
202 -83
202 -82
202 -81
202 -80
202 -79
202 -78
202 -77
202 -76
202 -75
202 -74
202 -73
202 -72
202 -71
202 -70
202 -69

