110000000001000010000100000011000000000000010100000010001001000000001000001001000000000001000000
100100010011000011000010000001000000000001010001000010000001000000010011001011010000000100000000
100011010101001010110100100000000000010001101111001000000010000100010100011100010001010001010000
101010000000100000100000001001011001000000010111000100001000010110100000100000010101001100100001
001000000011000000101001010000010000000010000100010011000000000100010010000000100010000111100000
010000000000000000100100000101000100100011000100000111001100100011010000000100000000110101010000
100001000100000100111100000001000000101000011000001000001100000000000000000000010000001001000010
100000100001000101101000110000111001000000100000010000000010001000100010110001100010101000101001
000000000001000001000100001010100100001000000010001000011101001000110100001000010010100100000010
010111001001001001000101000111000000000100100010010000010100000010100000000000001001011000000010
001010011100000001010001100100000000000010011110010000000101110110010100000000111001000100011001
100000001101011001100100110001000001010110010100000000000000110010000010000101100100010100000011
001000010000001000100100000100000001010010101010100000000001000001000000011111000110111000000000
010010000000010101100000000001001000000000110100000100110000000000000101100000010100111100000000
000100010010000011000001111101000000010100000100100001000100100010001010000001101000000001011000
000011010000000100000010000000000100110100000010001000100000000010000011001011010110001100000001
000001011010101000011000000000010000000010100001001000001101000000000000000010000111100110000000
011101001000000001011000010100100101011011001010000001011100011000000010100010011001001101100100
000000010000001001100000010000100100101000100000000010001000010000000000000001100100001001100000
000000001001010000110010010010000110000000011001011100010001001000010010000000000100010100001101
010000100000101011000010000000010110011000000001011000000000000000010010000001011010001000000011
001011010101000000000110000000101000000001010100001000000011000001110001000000011000001000001110
100000011110000000000101110010001001000000000101000001111000000000000000000000010000010110010000
000000011101011011010100001000010000011001100000000000111000100001000010000101101010000000000010
000100110110000000110010100101101000000010001001000010011100000010100001100101010100001010000010
100000101000001000100100100100000110010100100110001110010010010010000010000000000100101010001000
110001000000000100100100001110000101000100100000000001001000000011000000100010011110000001010001
110101011000000000010100000111101000101100000100100000000011001000000100001000100110000000011000
000011001001001001001000001010000000010001010000000000010000010100001010001000100001110110100000
100000001010000011110010001011000110011000001000000010001001001000100001000011011001001000000000
111001000000010001000000111000101001000001010010001101001001001000010110011000000100001000010100
000000000110110010001001101100010101010001100000011000010101000101000010001100000011100010001000
100110001000010000000100000101001100001100001010001010000111101000010001000001101000000100000100
011001001101000001010100010100001000011000000001011000100000000000010000101001010000110101000000
000000001000100011101100101000011100000100000010010001010000011100000100000000000000001010100000
100001110010010001100000101000010000000000000010100000001000000000011111000001100100010000100000
000011100100010001000000001000101000100000000001000110000001000001000101010000111010000110010100
000100100100000010010000011010000100001001001000000100010001000001010000100011100000000010000100
100000010001111010000000000100100000000010000010000000100010001100000001001000101100000011010000
011010011000001011000000000110000010000100100010000100000011001000000000000010000000000001101000
010000001010000010100000011100001001000000111000101000001000000010001000000000010001000000110000
000100110000010011000010000001001000001001100000010000000110010001110001110001100101000000001000
100010000001000001000000000001000000001100100110101000010000000000001010000111001000000111001001
000000000000000010000000001000000000001001000010101001010000000000001100010000000110000100011010
010000011100010000000000110100001101010010100000111110000000000101000010000000000000000011010000
100000011110010000100100000101101100110000010001101000000000000101010100000000010000010000000110
010001101010000110000001000000000001000001010001000100010000110001000000001001001100101100000000
000000011001000001101000010000110001010111000100110000010001101000000000010000011000000000010001
000010000010001010000100001001110100001000000010000001000111100001000100000000000000000000101100
011000101000100000001000011100111000101010011001010010001000000100001010100100100110101100010010
000100010000000000011100000101010010011010011010101000100000000000000100100000011100000001110100
000001001011000001101100010001000000000000110100110000000000001000000010001001011001000101001000
000001100000000100000111000000000000010011101101000000101011100100001000000010000000010000001001
000001000000100110010000010101110100110011000001010100001000001001000010100001000011000010010100
010010110100000010000000000000100101001000000000000010001011100000000000000001000001001000000011
001001001001000000100011000010110000001000100001000000001000001101001100010000000000000101001001
100111000000100011010110010001000000010000011000100000110100000011100110001010100000001000000000
000001001100001000000100101000100001000111010000101000010010000100000101100010000011000000110010
101100100100101010010011000000001100000001101101000100001000000100001110100011100000010010100010
010000001000000000010010010101000011111000000001110000100000000000001100000010000000001001010010
000001100000000110100000000010100101111101100001100000110000010001001101000100011000100000000010
001000010000000010000000010001100000100100101001000000001100011010001100111100001000000000000000
000010001010010010100000100001000000000000010100100000000110001011010111000000110100000100000000
100100001100010000101010000101000010001000010111010000000011000011001101000110000110000110000000
100000100000000000011001000000110010001011100100101100100010000110001001001010000011010000011000
000010011000000011101000000111110000001100000101000100000110000010000001100011100010000000000100
000100000001000100001010000101100010001001000010101011000000000000000000101100000101001000100110
000000001011100000000000100000000100110000110100100010000000011100001011000010000010000000110100
011010010011000000000001000000101000000011110001111101001101000001000110110000001000110100011100
100000000010010100000001001010010000101011011000011001011010000000001100100110000100100000010010
001001001000101100010000001010011001011001001010100100000110000110001000011010100110000000010000
000010101010000000110110100000000010001000010100000000000100000000000000000010000010000001111000
000001000010000000110000001100001000011000000100010010100000000110100001011110010100010101100110
000000101001001000100011001100100000010110000000010001000000100001011010101011000001000110110110
100000000001001001100010000110001100100011101011100000000100100000000110100001000000000110001000
000001000010001000000000000010000111001100100001000000010010001000000001001100000100001011000100
000000000001000100101000101000000100010001000010100001100010101001001000000010100011100000110011
000100001100000101000000000000001100101000010000101101000101100100000100111010100011101001101001
000000000010100100101000001100000000101000000000010000000010011000001011000011000100001000000100
000010100001001000101011000000000001010001000000001000100011100101000001110000000010001100000100
100101000001100001010100110001101001010010000000010001011110000010101100100100100010100110011000
010000001010000010010100100000011100000010100100010111110011100000010000000001111100001010010101
100100100100100000100100000000110100110110011010111010001000010000110000101000111110000000000000
010000000000010101010100100010001100011010010011010000000011000010000000001000000011001011001110
110001001010000000100000000001011010000100010100000010000000001101100010000100000101001001011110
000001000101000001100010110011011000000001001010110011100000000110100100000100100000010100010100
000001001001000001000100001000001110100100010000110101000000100100010101101000000001000110000000
010000100110000011000001000010001110000000001000110001110000000000100101000000010010001111000001
010000101001010000001001000010000110101100001000011000100000010001000000000000000001000100001100
000000000101010011010010000000101000000010100010001000101110001100000000001000000000000100000100
000001111100000011100000001001000101101000010000000001100000100101000000100000011000001100011000
010000010000000000010000100100000000100000010000100000000001000000000000000000010001100100000000
000100010000110010101000000010001100000010101000000100000000010110000101100101110000100000000001
010100001010000000001000100101100100101000000000000001010000110111000111000100100000100000001000
000010100000010010000010100000001110100010110100000010010000000000000100000010100100000000110010
001001000000000100011001100000110000001000001000111010010000010001000010010000000100000001100010
